0.000000
0.021480
0.042960
0.064440
0.071998
0.080452
0.087237
0.089912
0.097197
0.115941
0.129788
0.150245
0.164380
0.176828
0.204825
0.224139
0.241073
0.261619
0.276736
0.294352
0.309000
0.329643
0.355950
0.374560
0.388177
0.405907
0.428557
0.444934
0.488172
0.554591
0.564977
0.583436
0.604575
0.618170
0.631666
0.655125
0.665509
0.671561
0.674207
0.637981
0.625431
0.584397
0.560918
0.531695
0.533043
0.564733
0.520995
0.531375
0.603169
0.541378
0.514142
0.501532
0.425878
0.410100
0.408170
0.406431
0.404886
0.220695
0.189409
0.178656
0.179354
0.163707
0.153809
0.136554
0.122886
0.118721
0.122355
0.135160
0.152919
0.165795
0.179263
0.194977
0.208661
0.223062
0.245327
0.250115
0.281611
0.260818
0.245212
0.263313
0.289807
0.361365
0.393479
0.418998
0.449731
0.516222
0.498019
0.505324
0.514077
0.526402
0.534261
0.543026
0.550649
0.581045
0.573903
0.620848
0.620503
0.622230
0.625400
0.629371
0.630492
0.634580
0.627919
0.596155
0.580391
0.534727
0.522913
0.506746
0.486535
0.520417
0.541622
0.531017
0.518119
0.523764
0.545553
0.542149
0.540944
0.539868
0.537451
0.374447
0.376684
0.363106
0.330984
0.345482
0.339254
0.322035
0.303583
0.321508
0.328533
0.334142
0.347047
0.352197
0.353838
0.353771
0.356252
0.358087
0.359627
0.362861
0.365779
0.368604
0.371122
0.375037
0.379588
0.384451
0.386688
0.400170
0.407781
0.412068
0.418565
0.424348
0.429543
0.437479
0.440908
0.445110
0.481473
0.472564
0.467950
0.475011
0.478525
0.481031
0.487128
0.499676
0.514733
0.514396
0.505107
0.493351
0.465582
0.440308
0.424113
0.394677
0.363074
0.342679
0.325436
0.302079
0.278383
0.251470
0.233833
0.204763
0.182537
0.159354
0.141536
0.115195
0.100792
0.075172
0.057354
0.033555
0.017457
-0.008307
-0.026236
-0.052252
-0.066281
-0.096746
-0.117035
-0.131164
-0.153674
-0.185560
-0.189377
-0.181756
-0.166571
-0.141364
-0.103182
-0.095081
-0.076620
-0.058528
-0.042910
-0.029122
-0.019905
-0.011543
0.004121
-0.007519
-0.013083
-0.000187
0.003618
0.006048
-0.005011
-0.003622
-0.008781
-0.011088
-0.012582
-0.013151
-0.015308
-0.018865
-0.018863
-0.016523
-0.013625
-0.009719
-0.007624
-0.005671
-0.004445
-0.003237
-0.003891
-0.001634
0.002187
0.006475
0.010163
0.014632
0.018636
0.022488
0.024926
0.029734
0.033573
0.037703
0.040786
0.064531
0.053567
-0.006006
-0.032509
-0.046851
-0.046773
-0.023735
-0.013643
-0.009645
-0.059440
-0.079671
-0.063386
-0.056720
-0.049590
-0.021753
0.012297
0.022710
0.007323
0.064792
0.065102
0.062192
0.056234
0.046416
0.037519
0.035135
0.006743
-0.014910
-0.022704
-0.012782
-0.036527
