0.000000
0.021480
0.042960
0.052242
0.062593
0.075598
0.088561
0.102094
0.118480
0.144563
0.183418
0.216919
0.244226
0.266589
0.286679
0.285568
0.304574
0.308746
0.330577
0.340921
0.367833
0.392931
0.411737
0.428475
0.444832
0.462100
0.479623
0.499565
0.523826
0.550498
0.573967
0.592014
0.602356
0.609061
0.610731
0.610166
0.615341
0.619066
0.622190
0.616970
0.606680
0.588983
0.568692
0.551386
0.534603
0.515194
0.498241
0.477189
0.471517
0.467569
0.462007
0.422974
0.398623
0.379391
0.356041
0.347436
0.339588
0.337387
0.346284
0.353461
0.363332
0.365969
0.383867
0.405757
0.427481
0.446270
0.466645
0.487505
0.511942
0.542433
0.559995
0.572333
0.584322
0.595852
0.608686
0.621014
0.645743
0.643181
0.660232
0.675443
0.681823
0.696218
0.711226
0.721723
0.738555
0.733513
0.744454
0.750321
0.742493
0.783896
0.794799
0.778755
0.776867
0.767990
0.760463
0.754306
0.750845
0.749080
0.747240
0.741101
0.735643
0.728252
0.720422
0.740563
0.740472
0.735487
0.730728
0.725981
0.720138
0.746239
0.746817
0.740104
0.742383
0.751876
0.765956
0.758920
0.744775
0.727884
0.718689
0.735549
0.729945
0.726999
0.703303
0.692372
0.660919
0.663385
0.610418
0.575178
0.540977
0.507719
0.474979
0.445027
0.419561
0.397867
0.378362
0.349045
0.352582
0.326411
0.335390
0.346390
0.355769
0.367837
0.394566
0.420722
0.453625
0.474925
0.476190
0.503028
0.514859
0.548445
0.519844
0.520778
0.529168
0.535551
0.543031
0.551088
0.558378
0.565226
0.573666
0.581128
0.611527
0.624809
0.636502
0.674821
0.689596
0.744340
0.808230
0.810302
0.800197
0.801978
0.793426
0.779498
0.772955
0.818520
0.743858
0.713009
0.691425
0.677535
0.603358
0.569658
0.558150
0.543729
0.527028
0.518692
0.519067
0.528589
0.538408
0.550521
0.561140
0.569171
0.577730
0.591696
0.605935
0.624051
0.637437
0.648717
0.658821
0.670240
0.661633
0.662023
0.667628
0.674169
0.690495
0.702939
0.716647
0.726858
0.731106
0.731398
0.727254
0.719050
0.708919
0.697836
0.684490
0.669892
0.654153
0.637883
0.623060
0.607829
0.594092
0.584155
0.574458
0.564503
0.549727
0.551227
0.542504
0.526849
0.512362
0.500421
0.520301
0.530492
0.522216
0.512552
0.498568
0.491218
0.483077
0.477776
0.465117
0.381656
0.355290
0.346443
0.337619
0.334872
0.331025
0.319998
0.333114
0.342862
0.353341
0.358680
0.345112
0.333678
0.344678
0.359697
0.380744
0.389431
0.410897
0.391851
0.386640
0.385975
0.387018
0.389434
0.398334
0.409257
0.422654
0.425751
0.422420
0.418068
0.408613
0.398596
0.386439
0.374442
0.360201
0.345580
0.327789
0.307893
0.288634
0.271589
0.253632
0.234260
0.215601
0.195439
0.177429
0.156875
0.135466
0.130171
0.123907
0.110582
0.095292
0.077639
0.061086
0.040537
0.021915
-0.001084
-0.015319
-0.025078
-0.032127
-0.038268
-0.046344
-0.053453
-0.061091
-0.075847
-0.097187
-0.086114
-0.099123
-0.102622
-0.104015
-0.104735
-0.104392
-0.092930
-0.073685
-0.052636
-0.051454
-0.028282
-0.023452
-0.005728
-0.012079
-0.016674
0.000406
0.032428
0.039534
0.053331
0.062884
0.073192
0.069269
0.107250
0.131005
0.148066
0.162808
0.171761
0.178552
0.183069
0.187618
0.189144
0.190349
0.189149
0.187008
0.179637
0.163316
0.149386
0.149568
0.142310
0.146898
0.131198
0.111336
0.089718
0.071022
0.051437
0.032931
0.002354
-0.019061
-0.037505
-0.053255
-0.069785
-0.082311
-0.094387
-0.103967
-0.113339
-0.122527
-0.130686
-0.137673
-0.145353
-0.151581
-0.159763
-0.166653
-0.173797
-0.180354
-0.186456
-0.194183
-0.200998
-0.206075
-0.211290
-0.216255
-0.220044
-0.226517
-0.232364
-0.242211
-0.263589
-0.306364
-0.353833
-0.354234
-0.353667
-0.353022
-0.352674
-0.352803
-0.329992
-0.313516
-0.285875
-0.297658
-0.303981
-0.308963
-0.307140
-0.302279
-0.283738
-0.264641
-0.252862
-0.250885
-0.253623
-0.258274
-0.264442
-0.270910
-0.276469
-0.310120
-0.372612
-0.390194
-0.407436
-0.396349
-0.411796
-0.396938
-0.406546
-0.384867
-0.355413
-0.357010
-0.330853
-0.267083
-0.239891
-0.238149
-0.207176
-0.194467
-0.185044
-0.158860
-0.150892
-0.147121
-0.149748
-0.157202
-0.165988
-0.177427
-0.187884
-0.198390
-0.211428
-0.226671
-0.251121
-0.272224
-0.291644
-0.320693
-0.324110
-0.322930
-0.324183
-0.327782
-0.333857
-0.340072
-0.337395
-0.338195
-0.333707
-0.333061
-0.326184
-0.317354
-0.304190
-0.292748
-0.282837
-0.271213
-0.259761
-0.249343
-0.237789
-0.223086
-0.206035
-0.192615
-0.180046
-0.160640
-0.138828
-0.123708
-0.111332
-0.095658
-0.071819
-0.051808
-0.031218
-0.010472
-0.031720
-0.047967
-0.027754
-0.012381
0.003870
0.020041
0.035545
0.054534
0.062481
0.069960
0.109270
0.122728
0.118588
0.115890
0.112491
0.110706
0.109571
0.108813
0.081595
0.087585
0.092859
0.087284
