0.000000
0.000000
0.000000
0.000000
-0.001672
-0.000402
-0.001272
-0.001689
-0.002844
-0.003750
-0.005944
-0.009120
-0.010496
-0.012222
-0.012493
-0.015209
-0.017235
-0.018907
-0.021628
-0.024041
-0.026483
-0.029271
-0.032724
-0.033994
-0.037326
-0.037601
-0.036003
-0.035860
-0.106666
-0.138319
-0.130816
-0.127481
-0.123962
-0.120342
-0.115787
-0.157150
-0.160000
-0.166906
-0.176678
-0.123636
-0.131620
-0.076628
-0.069640
-0.031433
-0.056066
-0.029833
-0.012324
-0.015817
0.004206
-0.018152
-0.011868
0.001403
0.013932
0.029029
0.055924
0.082860
0.109837
0.023262
0.013434
0.011285
-0.012159
0.008416
0.033812
0.060961
0.074354
0.092201
0.107113
0.120791
0.137419
0.145882
0.156139
0.168363
0.180002
0.191625
0.196603
0.203479
0.202222
0.207850
0.209403
0.222913
0.226921
0.234913
0.243716
0.245486
0.249255
0.260993
0.240418
0.251874
0.273724
0.306029
0.335052
0.362037
0.388830
0.409495
0.405505
0.431342
0.457398
0.474901
0.496317
0.511989
0.533059
0.554741
0.564223
0.565969
0.575420
0.591261
0.581663
0.579569
0.579725
0.605878
0.613038
0.607034
0.600279
0.597038
0.591427
0.558657
0.537606
0.534792
0.532084
0.663132
0.606234
0.438042
0.375924
0.350391
0.323317
0.254174
0.213255
0.164123
0.152536
0.146599
0.145627
0.155304
0.164202
0.172215
0.183964
0.197511
0.206884
0.215325
0.222534
0.228616
0.237899
0.245175
0.262990
0.272189
0.281121
0.309221
0.332109
0.350301
0.371649
0.396837
0.415898
0.430805
0.443321
0.470375
0.452931
0.449831
0.452262
0.465723
0.470174
0.472908
0.477274
0.464190
0.456552
0.454881
0.458024
0.461003
0.464702
0.468539
0.472195
0.474590
0.469747
0.470651
0.472027
0.473117
0.474552
0.474596
0.476793
0.475449
0.475356
0.475628
0.480273
0.481239
0.486696
0.486156
0.487898
0.484562
0.483373
0.501087
0.527668
0.540616
0.547408
0.539963
0.537721
0.536759
0.531748
0.488334
0.466101
0.443074
0.458190
0.464799
0.374182
0.314450
0.335438
0.356745
0.413054
0.434273
0.448755
0.474025
0.488643
0.506632
0.481336
0.516200
0.516395
0.513615
0.561273
0.597679
0.625612
0.633003
0.623894
0.599430
0.580844
0.565966
0.536626
0.513149
0.486509
0.463682
0.440198
0.422983
0.399116
0.364172
0.329079
0.306483
0.282337
0.264477
0.237418
0.212197
0.182280
0.167315
0.145422
0.121416
0.093924
0.075248
0.050796
0.043232
0.009454
-0.044241
-0.078351
-0.097549
-0.139882
-0.169804
-0.184467
-0.193670
-0.175450
-0.174525
-0.171196
-0.154239
-0.135526
-0.273287
-0.223790
-0.198729
-0.198158
-0.109040
-0.099162
-0.075491
-0.058027
-0.034215
-0.032245
-0.001635
-0.023260
-0.003801
-0.001881
0.015704
0.036480
