0.000000
0.000000
0.000000
-0.002800
-0.001873
-0.003232
-0.006782
-0.015213
-0.034432
-0.083785
-0.149871
-0.181805
-0.197064
-0.197917
-0.192423
-0.158886
-0.148070
-0.112934
-0.104668
-0.072458
-0.069071
-0.034789
-0.035901
-0.120423
-0.126206
-0.140268
-0.147626
-0.150093
-0.154697
-0.165958
-0.167726
-0.153323
-0.139998
-0.147663
-0.133343
-0.110430
-0.109283
-0.096802
-0.102347
-0.087301
-0.070117
-0.048210
-0.039659
-0.018743
-0.000558
-0.011199
0.012025
0.009849
0.041250
0.080041
0.119129
0.154907
0.161773
0.174293
0.184824
0.204752
0.224028
0.244665
0.268288
0.288093
0.279878
0.310557
0.309075
0.312784
0.319353
0.325179
0.332341
0.338502
0.328105
0.320252
0.317672
0.315464
0.310341
0.284098
0.285255
0.280815
0.274957
0.185229
0.176788
0.173162
0.142883
0.141421
0.142861
0.117175
0.130279
0.151103
0.158306
0.185635
0.205580
0.373980
0.398046
0.375158
0.389636
0.395176
0.400518
0.405699
0.410729
0.416054
0.421423
0.420993
0.418972
0.412722
0.405278
0.407965
0.399419
0.383822
0.367759
0.352385
0.335391
0.331024
0.350371
0.321485
0.317101
0.311252
0.302800
0.297998
0.290119
0.279874
0.269597
0.264808
0.260714
0.245865
0.241824
0.226437
0.226919
0.252556
0.219686
0.223915
0.233485
0.243740
0.255979
0.270243
0.286496
0.305351
0.311769
0.323986
0.321507
0.359161
0.371972
0.387666
0.400479
0.419185
0.428142
0.438445
0.452244
0.462239
0.493716
0.499198
0.520610
0.521805
0.518160
0.520827
0.526921
0.533467
0.545445
0.555212
0.565277
0.576104
0.584942
0.597005
0.591487
0.623551
0.651732
0.677931
0.693770
0.736327
0.792947
0.813355
0.832147
0.850269
0.870950
0.883892
0.863490
0.908009
0.887245
0.860688
0.827905
0.803624
0.785321
0.768886
0.737318
0.731642
0.718553
0.698549
0.703087
0.693798
0.690307
0.678976
0.667172
0.656876
0.649634
0.643274
0.644513
0.651130
0.656848
0.656402
0.658090
0.661590
0.670102
0.675330
0.682720
0.689288
0.698502
0.707069
0.717623
0.732022
0.744284
0.756028
0.768517
0.781934
0.795082
0.808260
0.822060
0.836937
0.851988
0.867564
0.882342
0.897744
0.913911
0.928804
0.945039
0.962660
0.983845
1.005124
1.002969
1.005417
1.008646
1.011144
1.059562
1.106999
1.117700
1.123879
1.127373
1.131167
1.131282
1.131542
1.121921
1.085732
1.085807
1.092193
1.091978
1.077890
1.063632
1.043497
1.032393
1.022828
1.008980
0.969706
0.964916
0.983129
0.982789
0.982545
0.979439
1.002639
1.006708
1.009166
0.998641
0.986837
0.975240
0.967734
0.959287
0.948968
0.939966
0.932304
0.923742
0.916701
0.908255
0.901984
0.896630
0.891817
0.888125
0.885264
0.883168
0.880280
0.877364
0.874011
0.871345
0.869679
0.867569
0.865275
0.862020
0.857599
0.851743
0.863968
0.871816
0.875964
0.877590
0.878950
0.880337
0.882322
0.883766
0.887654
0.892323
0.902371
0.912022
0.920054
0.928891
0.937131
0.945217
0.970518
1.002151
0.992259
1.009084
1.010919
1.011861
1.010258
1.008749
0.991972
0.975679
0.965541
0.981594
0.966704
0.977783
0.978225
0.959273
0.965765
0.969134
0.980316
0.982591
0.964162
0.947958
0.931864
0.923345
0.956559
0.953910
0.945126
0.941137
0.935600
0.925669
0.911987
0.898339
0.882042
0.866044
0.848794
0.833345
0.812363
0.791450
0.773802
0.751770
0.730055
0.711944
0.692316
0.695979
0.692429
0.688274
0.680527
0.673239
0.670181
0.663659
0.650117
0.641468
0.636166
0.637703
0.633904
0.632367
0.634178
0.634933
0.635848
0.636342
0.636725
0.636448
0.635853
0.635449
0.635141
0.634802
0.634974
0.634686
0.634201
0.634336
0.634828
0.634751
0.634511
0.633995
0.633737
0.653594
0.682321
0.719510
0.744951
0.741015
0.744661
0.748571
0.751991
0.754903
0.746940
0.733242
0.621111
0.569690
0.534144
0.506233
0.484471
0.465800
0.455416
0.445796
0.430700
0.413936
0.392982
0.372712
0.349237
0.323016
0.299931
0.276422
0.229922
0.192814
0.148814
0.112742
0.066708
0.040978
-0.008717
-0.034987
-0.017883
-0.023418
0.010142
0.060655
0.079235
0.096325
0.106729
0.107451
0.105889
0.117486
0.125619
0.132798
0.140186
0.151637
0.164872
0.182977
0.198337
0.210800
0.227387
0.245155
0.260304
0.272856
0.285507
0.278721
0.267957
0.261875
0.258914
0.263601
0.272192
0.280351
0.296959
0.311413
0.320403
0.322180
0.322741
0.319822
0.311927
0.304255
0.296210
0.286880
0.277396
0.266352
0.254186
0.238255
0.221072
0.205504
0.192311
0.175233
0.155956
0.140313
0.126645
0.112166
0.091665
0.071876
0.054263
0.035784
-0.025156
-0.129543
-0.158740
-0.172142
-0.187485
-0.203362
-0.218235
-0.240361
-0.213564
-0.186632
-0.154761
-0.151678
-0.139296
-0.120115
-0.106264
-0.088477
-0.076339
-0.066405
-0.060045
-0.027417
-0.003534
-0.002600
